0.0027838949117672263
0.002909930279488049
0.005787784873120816
0.013115844915200903
0.01599322089192512
0.02545099454449662
0.026982501268695502
0.027639309460596895
0.028271329241799537
0.029069534088784765
0.02988471447667962
0.0362981656098359
0.041636158007241186
0.05396997146144644
0.05928986739366038
0.06068270768990491
0.06155846912085694
0.06374946607397203
0.06571256515339419
0.07012293858494356
0.07370610287559931
0.0804717925049443
0.08860877842562687
0.09044796678659128
0.09133711377152298
0.09473394809585012
0.0973514624812376
0.10125999101984162
0.10181584165406699
0.10336793741971484
0.11232402121585683
0.1216230015087103
0.12282540063945036
0.13095625352023743
0.13625670139335944
0.14010744772196526
0.14098547037725884
0.14171950961515467
0.1448858247559892
0.15261043975465483
0.15407176124169109
0.1549246985794721
0.16050839107726766
0.1676872180510527
0.18137015688750557
0.18344656180737773
0.1930608954169757
0.19333609017335907
0.19410355308126925
0.19993392049869052
