0.0003573719489216032
0.005055598654681637
0.006111905649670901
0.006476957273238826
0.016885713504830258
0.022021549563298493
0.024740614440334596
0.026012370970197374
0.03025909889322842
0.03042247184419833
0.03433846030503773
0.045603551647650176
0.046693009093670024
0.04925696680346092
0.04956271542958168
0.05862109906703661
0.06423585629582185
0.06552816217273638
0.07450445172505948
0.08039047605532557
0.08124046701433407
0.0813852107723112
0.08200765509112495
0.09729158189315812
0.10409234029647929
0.10766017621870716
0.10912227164559363
0.11556209866321754
0.11638869267657415
0.12926127796518772
0.1300864611407836
0.13788520257345027
0.1394307087365455
0.1438338188867826
0.1507091194413409
0.1507959687643503
0.15132224808590788
0.15291526143573608
0.16204151792846422
0.1630511492674267
0.16621044783314465
0.1704697222992375
0.17202631543848101
0.17261751546799742
0.17650611788201143
0.18086692957781558
0.18632177930347804
0.18891341758952063
0.1908125436014505
0.1936582255325685
